839873
839874
839875
839876
839877
839879
839880
839881
839883
839884
839886
839887
839891
839892
839893
839900
839901
839902
839903
839904
839905
839906
839907
839908
839909
839910
839911
839912
839913
839914
839915
839917
839919
839920
839921
839923
839925
839926
839927
839928
839930
839931
839932
839933
839934
839935
839936
839937
839938
839939
839940
839942
839944
839945
839946
839947
839948
839949
839950
839951
839953
839956
839957
839958
839959
839960
839961
839962
839963
839964
839965
839966
839967
839968
839970
839973
839974
839975
839976
839977
839978
839979
839980
839982
839984
839985
839988
839989
839990
839991
839992
839994
839996
839997
840000
840003
840004
840005
840009
840010
840011
840012
840013
840014
840015
840016
840017
840018
840019
840020
840022
840023
840024
840025
840026
840027
840028
840029
840030
840031
840032
840033
840035
840037
840039
840040
840041
840042
840043
840045
840048
840049
840050
840051
840053
840055
840058
840059
840060
840062
840063
840064
840066
840067
840069
840070
840071
840072
840074
840075
840076
840077
840078
840080
840081
840082
840083
840084
840086
840087
840088
840089
840090
840091
840092
840093
840094
840096
840097
840098
840099
840100
840101
840102
840103
840104
840106
840107
840108
840109
840112
840114
840115
840116
840117
840118
840119
840123
840124
840125
840127
840128
840129
840130
840131
840132
840133
840134
840137
840140
840145
840148
840149
840150
840151
840152
840153
840154
840155
840156
840157
840158
840159
840160
840162
840163
840164
840166
840168
840169
840170
840172
840173
840174
840175
840176
840177
840178
840180
840181
840182
840183
840185
840186
840187
840188
840192
840193
840196
840198
840200
840201
840202
840203
840204
840205
840208
840209
840210
840212
840213
840214
840215
840216
840219
840220
840222
840223
840224
840225
840226
840227
840228
840229
840230
840231
840232
840233
840234
840235
840236
840237
840238
840240
840242
840243
840246
840247
840249
840255
840256
840259
840260
840262
840263
840265
840266
840268
840270
840272
840275
840276
840280
840281
840282
840283
840284
840285
840286
840287
840290
840291
840294
840295
840298
840299
840300
840301
840302
840303
840304
840306
840313
840314
840315
840317
840319
840320
840321
840323
840325
840326
840327
840334
840336
840344
840347
840350
840351
840358
840359
840361
840363
840365
840366
840368
840373
840377
840381
840382
840384
840386
840387
840388
840392
840394
840395
840397
840398
840400
840403
840404
840408
840409
840411
840412
840415
840416
840422
840423
840425
840428
840429
840430
840431
840436
840440
840445
840447
840448
840457
840461
840467
840469
840470
840472
840473
840475
840478
840479
840483
840484
840488
840489
840490
840492
840493
840494
840500
840503
840504
840506
840508
840511
840514
840515
840517
840518
840520
840522
840523
840528
840530
840531
840532
840533
840535
840536
840540
840541
840542
840543
840544
840546
840547
840548
840552
840554
840555
840556
840560
840562
840563
840566
840567
840570
840573
840574
840576
840577
840578
840750
840751
840753
840754
840755
840756
840757
840760
840761
840762
840764
840765
840766
840767
840768
840769
840770
840771
840772
840773
840774
840775
840776
840777
840778
840779
840780
840781
840782
840783
840784
840785
840786
840787
840788
840789
840790
840791
840792
840793
840794
840795
840796
840797
840800
840803
840804
840805
840806
840812
840813
840814
840815
840816
840817
840818
840819
840824
840827
840828
840829
840830
840831
840834
840835
840836
840837
840839
840841
840843
840844
840845
840846
840848
840849
840850
840851
840852
840855
840858
840859
840860
840861
840863
840864
840865
840866
840869
840870
840871
840873
840874
840877
840878
840881
840882
840883
840884
840886
840887
840888
840890
840891
840893
840894
840895
840896
840897
840898
840899
840900
840901
840902
840904
840905
840906
840907
840908
840909
840910
840911
840912
840913
840914
840915
840916
840917
840918
840919
840920
840921
840922
840923
840925
840926
840927
840928
840932
840933
840935
840936
840937
840938
840939
840940
840942
840943
840944
840945
840947
840948
840949
840950
840951
840952
840953
840954
840955
840956
840957
840958
840970
840971
840972
840973
840974
840975
840976
840977
840978
840979
840980
840981
840982
840983
840984
840985
840987
840992
840993
840994
840995
840999
841000
841002
841005
841006
841007
841008
841009
841010
841012
841013
841144
841145
841146
841148
841149
841150
841151
841153
841155
841157
841158
841161
841162
841163
841164
841166
841167
841168
841171
841172
841173
841176
841177
841178
841179
841180
841181
841182
841183
841184
841185
841186
841187
841190
841191
841193
841194
841196
841197
841200
841209
841211
841216
841224
841226
841228
841229
841232
841233
841234
841235
841236
841238
841242
841243
841244
841245
841249
841252
841254
841261
841262
841264
841265
841268
841272
841276
841277
841443
841444
841445
841446
841447
841448
841451
841452
841454
841456
841457
841458
841459
841460
841461
841462
841463
841464
841466
841467
841469
841470
841471
841473
841474
841475
841476
841479
841480
841481
841482
841483
841484
841485
841486
841488
841489
841490
841491
841492
841493
841494
841496
841498
841500
841501
841502
841503
841504
841505
841506
841507
841508
841509
841510
841511
841513
841515
841517
841518
841520
841523
841524
841526
841527
841528
841530
841532
841533
841535
841537
841538
841539
841540
841541
841542
841543
841544
841545
841546
841547
841548
841549
841550
841551
841552
841558
841559
841560
841564
841565
841566
841569
841573
841575
841576
841577
841578
841579
841581
841582
841584
841585
841587
841589
841590
841591
841592
841593
841594
841597
841598
841599
841600
841601
841602
841603
841614
841616
841618
841619
841620
841622
841623
841624
841626
841628
841629
841630
841631
841633
841634
841635
841637
841638
841639
841756
841757
841758
841759
841760
841761
841764
841765
841767
841768
841769
841770
841771
841772
841773
841774
841775
841776
841777
841779
841780
841782
841783
841784
841785
841787
841788
841789
841791
841792
841794
841795
841798
841799
841800
841801
841802
841803
841804
841806
841807
841809
841810
841844
841848
841849
841850
841851
841852
841853
841855
841856
841857
841858
841859
841861
841862
841863
841864
841865
841867
841868
841869
841871
841872
841874
841875
841876
841878
841879
841880
841881
841882
841884
841885
841886
841887
841889
841890
841891
841892
841893
841896
841898
841899
841900
841901
841902
841903
841904
841906
841907
841908
841909
841910
841911
841913
841914
841917
841919
841920
841921
841923
841924
841925
841960
841961
841962
841963
841964
841965
841968
841973
841976
841977
841980
841985
841988
841990
841992
841994
841996
842001
